rraa,[[395, 393], [1, 1]]
numero,[[32, -1], [25, 1], [26, 1], [92, 1], [93, 1], [94, 1], [98, 1], [99, 1], [100, 1], [101, 1], [102, 1], [103, 1], [104, 1], [106, 1], [107, 1], [108, 1], [109, 1], [110, 1], [111, 1], [112, 1], [113, 1], [114, 1], [115, 1], [116, 1], [117, 1], [118, 1], [121, 1], [122, 1], [140, 1], [145, 2], [263, 1], [264, 1]]
servicio,[[32, -1], [26, 1], [40, 1], [41, 1], [51, 1], [366, 1], [367, 1], [368, 1], [369, 1], [370, 1], [371, 1], [372, 1], [373, 1], [374, 1], [375, 1], [376, 1], [377, 1], [378, 2], [379, 2], [380, 1], [381, 1], [382, 1], [383, 1], [384, 1], [385, 1], [386, 1], [387, 1], [388, 1], [389, 1], [390, 1], [391, 1]]
tecnico,[[21, -1], [6, 1], [146, 1], [373, 1], [374, 1], [375, 1], [376, 1], [377, 1], [378, 1], [379, 1], [380, 1], [381, 1], [382, 1], [383, 1], [384, 1], [385, 1], [386, 1], [387, 1], [388, 1], [389, 1], [390, 1], [391, 1]]
balance,[[20, -1], [22, 2], [23, 1], [206, 1], [222, 1], [229, 1], [234, 1], [235, 1], [236, 1], [237, 1], [260, 1], [265, 1], [300, 1], [301, 1], [302, 1], [303, 1], [304, 1], [305, 1], [306, 1], [307, 1]]
operativa,[[20, -1], [44, 1], [373, 1], [374, 1], [375, 1], [376, 1], [377, 1], [378, 1], [379, 1], [380, 1], [381, 1], [382, 1], [383, 1], [384, 1], [385, 1], [386, 1], [387, 1], [388, 1], [389, 1], [390, 1], [391, 1]]
tecnica,[[20, -1], [13, 1], [227, 1], [373, 1], [374, 1], [375, 1], [376, 1], [377, 1], [378, 1], [379, 1], [380, 1], [381, 1], [382, 1], [383, 1], [384, 1], [385, 1], [386, 1], [387, 1], [388, 1], [389, 1], [390, 1]]
estado,[[19, -1], [9, 1], [43, 1], [97, 1], [150, 1], [207, 1], [230, 1], [231, 1], [232, 1], [238, 1], [261, 1], [266, 1], [295, 1], [296, 1], [297, 1], [298, 1], [299, 1], [332, 2], [338, 1]]
riesgo,[[19, -1], [182, 1], [183, 1], [184, 1], [185, 1], [186, 1], [187, 1], [189, 1], [190, 1], [191, 1], [192, 1], [193, 1], [194, 1], [218, 1], [247, 4], [258, 1], [275, 1]]
operaciones,[[19, -1], [30, 1], [52, 1], [138, 2], [151, 1], [152, 1], [160, 1], [167, 1], [171, 1], [178, 1], [179, 1], [188, 1], [205, 1], [213, 1], [214, 1], [282, 1], [301, 1], [305, 1], [332, 1]]
transporte,[[18, -1], [34, 1], [35, 1], [36, 1], [37, 1], [38, 1], [39, 1], [40, 1], [41, 1], [52, 2], [55, 1], [56, 2], [57, 2], [64, 1], [284, 2]]
sistema,[[17, -1], [148, 1], [149, 1], [312, 1], [333, 2], [334, 2], [338, 2], [353, 1], [369, 1], [386, 1], [387, 1], [388, 1], [389, 1], [390, 1], [391, 1]]
financieros,[[17, -1], [31, 2], [139, 1], [140, 1], [156, 1], [165, 1], [174, 1], [198, 1], [204, 1], [206, 1], [215, 1], [216, 1], [217, 1], [229, 1], [260, 1], [265, 1], [392, 1]]
estados,[[16, -1], [31, 2], [139, 1], [140, 1], [156, 1], [174, 1], [204, 1], [206, 1], [215, 1], [216, 1], [217, 1], [229, 1], [260, 1], [265, 1], [392, 2]]
conciliacion,[[16, -1], [92, 2], [93, 2], [94, 2], [95, 2], [96, 2], [97, 2], [98, 1], [99, 1], [100, 1], [101, 1]]
entidades,[[15, -1], [132, 1], [139, 1], [140, 1], [174, 1], [179, 1], [204, 1], [206, 1], [209, 1], [215, 1], [216, 1], [217, 1], [229, 1], [260, 1], [265, 1], [350, 1]]
interes,[[15, -1], [7, 1], [8, 1], [123, 1], [124, 1], [126, 1], [142, 2], [157, 1], [182, 1], [184, 1], [189, 1], [194, 1], [213, 2], [222, 1]]
control,[[15, -1], [6, 1], [60, 2], [141, 1], [162, 1], [174, 1], [197, 1], [242, 1], [247, 1], [248, 1], [267, 1], [315, 1], [330, 1], [331, 1], [338, 1]]
comparativo,[[14, -1], [206, 1], [207, 1], [229, 1], [230, 1], [231, 1], [232, 1], [234, 1], [235, 1], [236, 1], [237, 1], [260, 1], [261, 1], [265, 1], [266, 1]]
resultados,[[14, -1], [73, 1], [74, 1], [75, 1], [76, 1], [77, 1], [78, 1], [207, 1], [230, 1], [231, 1], [232, 1], [261, 1], [266, 1], [314, 1], [315, 1]]
servicios,[[14, -1], [29, 2], [46, 1], [51, 1], [61, 1], [69, 1], [70, 1], [71, 1], [72, 1], [158, 1], [165, 1], [313, 1], [395, 2]]
evaluacion,[[14, -1], [182, 1], [183, 1], [185, 1], [186, 1], [189, 1], [190, 1], [191, 1], [193, 1], [194, 1], [275, 1], [338, 1], [342, 2], [351, 1]]
proyectos,[[13, -1], [6, 2], [10, 1], [111, 1], [343, 1], [355, 2], [360, 2], [361, 2], [363, 1], [364, 1]]
cargo,[[12, -1], [80, 1], [81, 1], [82, 1], [83, 1], [84, 1], [85, 1], [86, 1], [87, 1], [88, 1], [89, 1], [90, 1], [91, 1]]
carcelarias,[[12, -1], [80, 1], [81, 1], [82, 1], [83, 1], [84, 1], [85, 1], [86, 1], [87, 1], [88, 1], [89, 1], [90, 1], [91, 1]]
penitenciarias,[[12, -1], [80, 1], [81, 1], [82, 1], [83, 1], [84, 1], [85, 1], [86, 1], [87, 1], [88, 1], [89, 1], [90, 1], [91, 1]]
inpec,[[12, -1], [80, 1], [81, 1], [82, 1], [83, 1], [84, 1], [85, 1], [86, 1], [87, 1], [88, 1], [89, 1], [90, 1], [91, 1]]
creditos,[[12, -1], [140, 1], [157, 1], [166, 1], [169, 1], [196, 1], [201, 1], [208, 1], [215, 1], [216, 1], [217, 1], [225, 1], [354, 1]]
supervisadas,[[12, -1], [139, 1], [140, 1], [174, 1], [204, 1], [206, 1], [215, 1], [216, 1], [217, 1], [229, 1], [260, 1], [265, 1], [392, 1]]
informe,[[12, -1], [138, 1], [142, 1], [152, 1], [153, 1], [155, 1], [161, 1], [171, 1], [175, 1], [176, 1], [201, 1], [213, 1], [225, 1]]
actuaciones,[[12, -1], [92, 1], [93, 1], [94, 1], [95, 1], [96, 1], [97, 1], [98, 1], [99, 1], [100, 1], [101, 1], [105, 1], [106, 1]]
afiliados,[[12, -1], [148, 1], [168, 1], [259, 1], [262, 1], [263, 1], [268, 1], [270, 1], [271, 1], [272, 1], [286, 1], [287, 1], [291, 1]]
produccion,[[11, -1], [20, 2], [22, 2], [27, 2], [28, 2], [316, 1], [330, 1], [331, 1]]
ley,[[11, -1], [162, 1], [174, 1], [210, 1], [242, 1], [247, 1], [248, 1], [267, 1], [344, 2], [345, 2]]
extrajudiciales,[[11, -1], [92, 2], [93, 1], [94, 1], [95, 1], [96, 1], [97, 1], [98, 1], [99, 1], [100, 1], [101, 1]]
consolidado,[[11, -1], [201, 1], [229, 1], [230, 1], [300, 1], [301, 1], [302, 1], [303, 1], [304, 1], [305, 1], [306, 1], [307, 1]]
carga,[[10, -1], [55, 2], [57, 2], [63, 2], [68, 2], [344, 1], [345, 1]]
actividad,[[10, -1], [90, 1], [373, 1], [374, 1], [375, 1], [376, 1], [377, 1], [378, 1], [379, 1], [380, 1], [381, 1]]
aereo,[[10, -1], [31, 1], [34, 1], [35, 1], [36, 1], [37, 1], [38, 1], [39, 1], [40, 1], [41, 1], [64, 1]]
maritimo,[[9, -1], [51, 1], [52, 2], [55, 1], [57, 2], [60, 2], [64, 1]]
facturacion,[[9, -1], [365, 2], [366, 2], [367, 2], [368, 2], [369, 1]]
mercado,[[9, -1], [141, 1], [160, 1], [161, 1], [181, 1], [213, 1], [214, 1], [283, 1], [347, 1], [349, 1]]
divisas,[[9, -1], [136, 1], [138, 1], [154, 1], [160, 1], [161, 1], [176, 1], [177, 1], [180, 1], [181, 1]]
declaracion,[[9, -1], [162, 1], [164, 1], [174, 1], [242, 1], [247, 1], [248, 1], [267, 1], [330, 1], [331, 1]]
energia,[[9, -1], [362, 1], [363, 1], [369, 1], [386, 1], [387, 1], [388, 1], [389, 1], [390, 1], [391, 1]]
movimiento,[[9, -1], [55, 1], [63, 2], [68, 2], [270, 1], [272, 3]]
titulos,[[9, -1], [19, 2], [53, 2], [200, 1], [221, 1], [276, 1], [278, 1], [279, 1]]
alcantarillado,[[9, -1], [6, 1], [367, 2], [378, 2], [379, 2], [380, 1], [381, 1]]
tasa,[[9, -1], [142, 1], [160, 1], [161, 1], [182, 1], [184, 1], [186, 1], [189, 1], [190, 1], [194, 1]]
empresas,[[9, -1], [31, 1], [51, 2], [52, 2], [56, 2], [64, 2]]
procesos,[[9, -1], [81, 1], [82, 1], [102, 1], [278, 1], [336, 2], [339, 1], [344, 1], [345, 1]]
acueducto,[[8, -1], [6, 1], [366, 2], [373, 1], [374, 1], [375, 1], [376, 1], [377, 1]]
fondos,[[8, -1], [155, 1], [168, 1], [202, 1], [203, 1], [259, 1], [268, 1], [269, 1], [270, 1]]
bgc,[[8, -1], [300, 1], [301, 1], [302, 1], [303, 1], [304, 1], [305, 1], [306, 1], [307, 1]]
siac,[[8, -1], [42, 1], [43, 1], [44, 1], [45, 1], [46, 1], [47, 1], [48, 1], [49, 1]]
gas,[[8, -1], [23, 1], [25, 1], [26, 1], [365, 2], [370, 1], [371, 1], [372, 1]]
credito,[[8, -1], [137, 1], [165, 1], [170, 1], [171, 1], [206, 1], [207, 1], [211, 1], [225, 1]]
cuentas,[[8, -1], [153, 1], [163, 1], [196, 1], [204, 1], [211, 1], [212, 1], [274, 1], [352, 1]]
reserva,[[8, -1], [12, 1], [147, 1], [227, 1], [228, 1], [240, 1], [246, 1], [257, 1], [267, 1]]
publica,[[8, -1], [333, 3], [334, 3], [337, 1], [351, 1]]
b,[[8, -1], [0, 1], [231, 1], [232, 1], [234, 1], [235, 1], [236, 1], [237, 1], [261, 1]]
proceso,[[8, -1], [28, 2], [342, 1], [343, 1], [393, 2], [394, 2]]
gestion,[[8, -1], [308, 2], [344, 1], [345, 1], [352, 3], [353, 1]]
trafico,[[8, -1], [35, 1], [36, 1], [37, 1], [44, 1], [60, 2], [63, 2]]
s,[[8, -1], [212, 1], [231, 1], [232, 1], [234, 1], [235, 1], [236, 1], [237, 1], [261, 1]]
sanciones,[[8, -1], [86, 1], [114, 1], [115, 1], [116, 1], [117, 1], [118, 1], [119, 1], [120, 1]]
